param_log_Ne_Eur_bn	density
2	6.56015e-10
2.01508	9.05466e-10
2.03015	1.24533e-09
2.04523	1.70666e-09
2.0603	2.33061e-09
2.07538	3.17141e-09
2.09045	4.30027e-09
2.10553	5.81039e-09
2.1206	7.82316e-09
2.13568	1.04962e-08
2.15075	1.40332e-08
2.16583	1.86964e-08
2.1809	2.48225e-08
2.19598	3.28411e-08
2.21105	4.32996e-08
2.22613	5.68915e-08
2.2412	7.44926e-08
2.25628	9.72047e-08
2.27135	1.26408e-07
2.28643	1.63827e-07
2.30151	2.11605e-07
2.31658	2.72396e-07
2.33166	3.49479e-07
2.34673	4.46883e-07
2.36181	5.69547e-07
2.37688	7.235e-07
2.39196	9.16076e-07
2.40703	1.15616e-06
2.42211	1.45451e-06
2.43718	1.82403e-06
2.45226	2.28026e-06
2.46733	2.84177e-06
2.48241	3.53068e-06
2.49748	4.37332e-06
2.51256	5.40092e-06
2.52763	6.65036e-06
2.54271	8.16516e-06
2.55779	9.99653e-06
2.57286	1.22045e-05
2.58794	1.48595e-05
2.60301	1.80437e-05
2.61809	2.18531e-05
2.63316	2.63992e-05
2.64824	3.18122e-05
2.66331	3.82427e-05
2.67839	4.58659e-05
2.69346	5.48844e-05
2.70854	6.55332e-05
2.72361	7.80838e-05
2.73869	9.28503e-05
2.75376	0.000110196
2.76884	0.00013054
2.78391	0.000154366
2.79899	0.000182233
2.81406	0.000214787
2.82914	0.000252771
2.84422	0.000297043
2.85929	0.000348591
2.87437	0.000408552
2.88944	0.000478238
2.90452	0.000559153
2.91959	0.000653027
2.93467	0.000761845
2.94974	0.000887883
2.96482	0.00103374
2.97989	0.0012024
2.99497	0.00139724
3.01004	0.00162214
3.02512	0.00188148
3.04019	0.00218022
3.05527	0.00252401
3.07034	0.00291919
3.08542	0.0033729
3.1005	0.00389318
3.11557	0.00448898
3.13065	0.00517035
3.14572	0.00594844
3.1608	0.00683561
3.17587	0.00784558
3.19095	0.00899341
3.20602	0.0102957
3.2211	0.0117706
3.23617	0.013438
3.25125	0.0153193
3.26632	0.0174379
3.2814	0.0198191
3.29647	0.0224898
3.31155	0.0254791
3.32662	0.0288179
3.3417	0.0325389
3.35677	0.0366769
3.37185	0.0412683
3.38693	0.0463513
3.402	0.0519656
3.41708	0.0581524
3.43215	0.064954
3.44723	0.0724138
3.4623	0.0805758
3.47738	0.0894845
3.49245	0.0991842
3.50753	0.109719
3.5226	0.121133
3.53768	0.133467
3.55275	0.146761
3.56783	0.161055
3.5829	0.176381
3.59798	0.192772
3.61305	0.210255
3.62813	0.228852
3.64321	0.24858
3.65828	0.26945
3.67336	0.291466
3.68843	0.314623
3.70351	0.338912
3.71858	0.364312
3.73366	0.390794
3.74873	0.418321
3.76381	0.446844
3.77888	0.476306
3.79396	0.506638
3.80903	0.537764
3.82411	0.569594
3.83918	0.602031
3.85426	0.634966
3.86933	0.668284
3.88441	0.701858
3.89948	0.735556
3.91456	0.769237
3.92964	0.802755
3.94471	0.835957
3.95979	0.86869
3.97486	0.900793
3.98994	0.932108
4.00501	0.962475
4.02009	0.991736
4.03516	1.01974
4.05024	1.04632
4.06531	1.07135
4.08039	1.09468
4.09546	1.11618
4.11054	1.13573
4.12561	1.15323
4.14069	1.16856
4.15576	1.18165
4.17084	1.19243
4.18591	1.20083
4.20099	1.20681
4.21607	1.21035
4.23114	1.21142
4.24622	1.21002
4.26129	1.20618
4.27637	1.19993
4.29144	1.1913
4.30652	1.18035
4.32159	1.16716
4.33667	1.1518
4.35174	1.13437
4.36682	1.11498
4.38189	1.09373
4.39697	1.07076
4.41204	1.04617
4.42712	1.02012
4.44219	0.992732
4.45727	0.964155
4.47235	0.934533
4.48742	0.904011
4.5025	0.872735
4.51757	0.84085
4.53265	0.8085
4.54772	0.775824
4.5628	0.742961
4.57787	0.710042
4.59295	0.677195
4.60802	0.64454
4.6231	0.612194
4.63817	0.580264
4.65325	0.548851
4.66832	0.518047
4.6834	0.487939
4.69847	0.458601
4.71355	0.430104
4.72862	0.402506
4.7437	0.375859
4.75878	0.350207
4.77385	0.325585
4.78893	0.30202
4.804	0.279532
4.81908	0.258133
4.83415	0.237828
4.84923	0.218617
4.8643	0.200492
4.87938	0.183439
4.89445	0.167442
4.90953	0.152476
4.9246	0.138515
4.93968	0.125529
4.95475	0.113483
4.96983	0.102341
4.9849	0.0920641
4.99998	0.0826128
