param_Ne_Ame	density
10015	1.96184e-08
160718	2.01151e-08
311421	2.06086e-08
462124	2.1098e-08
612827	2.1583e-08
763530	2.20629e-08
914233	2.25371e-08
1.06494e+06	2.30052e-08
1.21564e+06	2.34667e-08
1.36634e+06	2.3921e-08
1.51704e+06	2.43678e-08
1.66775e+06	2.48067e-08
1.81845e+06	2.52373e-08
1.96915e+06	2.56593e-08
2.11986e+06	2.60722e-08
2.27056e+06	2.6476e-08
2.42126e+06	2.68703e-08
2.57196e+06	2.72549e-08
2.72267e+06	2.76296e-08
2.87337e+06	2.79944e-08
3.02407e+06	2.8349e-08
3.17478e+06	2.86935e-08
3.32548e+06	2.90278e-08
3.47618e+06	2.93519e-08
3.62689e+06	2.96657e-08
3.77759e+06	2.99695e-08
3.92829e+06	3.02631e-08
4.07899e+06	3.05468e-08
4.2297e+06	3.08207e-08
4.3804e+06	3.10849e-08
4.5311e+06	3.13396e-08
4.68181e+06	3.1585e-08
4.83251e+06	3.18214e-08
4.98321e+06	3.20489e-08
5.13392e+06	3.22678e-08
5.28462e+06	3.24783e-08
5.43532e+06	3.26809e-08
5.58602e+06	3.28756e-08
5.73673e+06	3.30629e-08
5.88743e+06	3.32431e-08
6.03813e+06	3.34164e-08
6.18884e+06	3.35831e-08
6.33954e+06	3.37437e-08
6.49024e+06	3.38983e-08
6.64094e+06	3.40474e-08
6.79165e+06	3.41912e-08
6.94235e+06	3.43301e-08
7.09305e+06	3.44643e-08
7.24376e+06	3.45942e-08
7.39446e+06	3.47201e-08
7.54516e+06	3.48422e-08
7.69586e+06	3.49608e-08
7.84657e+06	3.50763e-08
7.99727e+06	3.51888e-08
8.14797e+06	3.52987e-08
8.29868e+06	3.54061e-08
8.44938e+06	3.55113e-08
8.60008e+06	3.56145e-08
8.75078e+06	3.5716e-08
8.90149e+06	3.58158e-08
9.05219e+06	3.59142e-08
9.20289e+06	3.60114e-08
9.3536e+06	3.61074e-08
9.5043e+06	3.62024e-08
9.655e+06	3.62966e-08
9.80571e+06	3.63899e-08
9.95641e+06	3.64826e-08
1.01071e+07	3.65746e-08
1.02578e+07	3.6666e-08
1.04085e+07	3.67568e-08
1.05592e+07	3.68471e-08
1.07099e+07	3.69369e-08
1.08606e+07	3.70261e-08
1.10113e+07	3.71147e-08
1.1162e+07	3.72028e-08
1.13127e+07	3.72901e-08
1.14634e+07	3.73767e-08
1.16141e+07	3.74625e-08
1.17648e+07	3.75473e-08
1.19155e+07	3.76311e-08
1.20662e+07	3.77138e-08
1.2217e+07	3.77952e-08
1.23677e+07	3.78752e-08
1.25184e+07	3.79536e-08
1.26691e+07	3.80304e-08
1.28198e+07	3.81053e-08
1.29705e+07	3.81781e-08
1.31212e+07	3.82488e-08
1.32719e+07	3.83172e-08
1.34226e+07	3.8383e-08
1.35733e+07	3.84461e-08
1.3724e+07	3.85064e-08
1.38747e+07	3.85636e-08
1.40254e+07	3.86176e-08
1.41761e+07	3.86683e-08
1.43268e+07	3.87155e-08
1.44775e+07	3.8759e-08
1.46282e+07	3.87988e-08
1.47789e+07	3.88346e-08
1.49296e+07	3.88664e-08
1.50803e+07	3.8894e-08
1.5231e+07	3.89173e-08
1.53817e+07	3.89363e-08
1.55324e+07	3.89509e-08
1.56831e+07	3.8961e-08
1.58338e+07	3.89666e-08
1.59845e+07	3.89676e-08
1.61352e+07	3.8964e-08
1.62859e+07	3.89558e-08
1.64366e+07	3.8943e-08
1.65873e+07	3.89257e-08
1.6738e+07	3.89038e-08
1.68887e+07	3.88774e-08
1.70394e+07	3.88466e-08
1.71902e+07	3.88115e-08
1.73409e+07	3.87721e-08
1.74916e+07	3.87285e-08
1.76423e+07	3.86808e-08
1.7793e+07	3.86292e-08
1.79437e+07	3.85738e-08
1.80944e+07	3.85147e-08
1.82451e+07	3.8452e-08
1.83958e+07	3.83859e-08
1.85465e+07	3.83164e-08
1.86972e+07	3.82439e-08
1.88479e+07	3.81683e-08
1.89986e+07	3.80899e-08
1.91493e+07	3.80087e-08
1.93e+07	3.79249e-08
1.94507e+07	3.78386e-08
1.96014e+07	3.775e-08
1.97521e+07	3.76591e-08
1.99028e+07	3.7566e-08
2.00535e+07	3.74708e-08
2.02042e+07	3.73736e-08
2.03549e+07	3.72744e-08
2.05056e+07	3.71733e-08
2.06563e+07	3.70702e-08
2.0807e+07	3.69652e-08
2.09577e+07	3.68583e-08
2.11084e+07	3.67494e-08
2.12591e+07	3.66384e-08
2.14098e+07	3.65253e-08
2.15605e+07	3.641e-08
2.17112e+07	3.62924e-08
2.18619e+07	3.61722e-08
2.20126e+07	3.60494e-08
2.21633e+07	3.59238e-08
2.2314e+07	3.5795e-08
2.24648e+07	3.56631e-08
2.26155e+07	3.55275e-08
2.27662e+07	3.53883e-08
2.29169e+07	3.52449e-08
2.30676e+07	3.50972e-08
2.32183e+07	3.49448e-08
2.3369e+07	3.47874e-08
2.35197e+07	3.46248e-08
2.36704e+07	3.44564e-08
2.38211e+07	3.42821e-08
2.39718e+07	3.41014e-08
2.41225e+07	3.3914e-08
2.42732e+07	3.37196e-08
2.44239e+07	3.35177e-08
2.45746e+07	3.33081e-08
2.47253e+07	3.30904e-08
2.4876e+07	3.28643e-08
2.50267e+07	3.26294e-08
2.51774e+07	3.23855e-08
2.53281e+07	3.21323e-08
2.54788e+07	3.18695e-08
2.56295e+07	3.15968e-08
2.57802e+07	3.1314e-08
2.59309e+07	3.1021e-08
2.60816e+07	3.07176e-08
2.62323e+07	3.04035e-08
2.6383e+07	3.00788e-08
2.65337e+07	2.97433e-08
2.66844e+07	2.9397e-08
2.68351e+07	2.90399e-08
2.69858e+07	2.86721e-08
2.71365e+07	2.82935e-08
2.72872e+07	2.79043e-08
2.7438e+07	2.75047e-08
2.75887e+07	2.70948e-08
2.77394e+07	2.66749e-08
2.78901e+07	2.62452e-08
2.80408e+07	2.58061e-08
2.81915e+07	2.53578e-08
2.83422e+07	2.49008e-08
2.84929e+07	2.44354e-08
2.86436e+07	2.39622e-08
2.87943e+07	2.34816e-08
2.8945e+07	2.29941e-08
2.90957e+07	2.25002e-08
2.92464e+07	2.20005e-08
2.93971e+07	2.14957e-08
2.95478e+07	2.09864e-08
2.96985e+07	2.04731e-08
2.98492e+07	1.99565e-08
2.99999e+07	1.94373e-08
